(kicad_pcb (version 20171130) (host pcbnew "(5.1.0)-1")

  (general
    (thickness 1.6)
    (drawings 351)
    (tracks 543)
    (zones 0)
    (modules 52)
    (nets 91)
  )

  (page A4)
  (layers
    (0 F.Cu signal)
    (31 B.Cu signal)
    (32 B.Adhes user)
    (33 F.Adhes user)
    (34 B.Paste user)
    (35 F.Paste user)
    (36 B.SilkS user)
    (37 F.SilkS user)
    (38 B.Mask user)
    (39 F.Mask user)
    (40 Dwgs.User user)
    (41 Cmts.User user)
    (42 Eco1.User user)
    (43 Eco2.User user)
    (44 Edge.Cuts user)
    (45 Margin user)
    (46 B.CrtYd user)
    (47 F.CrtYd user)
    (48 B.Fab user)
    (49 F.Fab user)
  )

  (setup
    (last_trace_width 0.25)
    (trace_clearance 0.2)
    (zone_clearance 0.508)
    (zone_45_only no)
    (trace_min 0.2)
    (via_size 0.8)
    (via_drill 0.4)
    (via_min_size 0.4)
    (via_min_drill 0.3)
    (uvia_size 0.3)
    (uvia_drill 0.1)
    (uvias_allowed no)
    (uvia_min_size 0.2)
    (uvia_min_drill 0.1)
    (edge_width 0.05)
    (segment_width 0.2)
    (pcb_text_width 0.3)
    (pcb_text_size 1.5 1.5)
    (mod_edge_width 0.12)
    (mod_text_size 1 1)
    (mod_text_width 0.15)
    (pad_size 1.524 1.524)
    (pad_drill 0.762)
    (pad_to_mask_clearance 0.051)
    (solder_mask_min_width 0.25)
    (aux_axis_origin 0 0)
    (visible_elements 7FFFFFFF)
    (pcbplotparams
      (layerselection 0x010fc_ffffffff)
      (usegerberextensions false)
      (usegerberattributes false)
      (usegerberadvancedattributes false)
      (creategerberjobfile false)
      (excludeedgelayer true)
      (linewidth 0.100000)
      (plotframeref false)
      (viasonmask false)
      (mode 1)
      (useauxorigin false)
      (hpglpennumber 1)
      (hpglpenspeed 20)
      (hpglpendiameter 15.000000)
      (psnegative false)
      (psa4output false)
      (plotreference true)
      (plotvalue true)
      (plotinvisibletext false)
      (padsonsilk false)
      (subtractmaskfromsilk false)
      (outputformat 1)
      (mirror false)
      (drillshape 1)
      (scaleselection 1)
      (outputdirectory ""))
  )

  (net 0 "")
  (net 1 "Net-(D2-PadA)")
  (net 2 "Net-(D3-PadA)")
  (net 3 "Net-(D4-PadA)")
  (net 4 "Net-(D5-PadA)")
  (net 5 "Net-(D6-PadA)")
  (net 6 "Net-(D7-PadA)")
  (net 7 "Net-(D8-PadA)")
  (net 8 "Net-(D9-PadA)")
  (net 9 "Net-(D10-PadA)")
  (net 10 "Net-(D11-PadA)")
  (net 11 "Net-(D12-PadA)")
  (net 12 "Net-(D13-PadA)")
  (net 13 "Net-(D14-PadA)")
  (net 14 "Net-(D15-PadA)")
  (net 15 "Net-(D16-PadA)")
  (net 16 "Net-(D17-PadA)")
  (net 17 "Net-(D18-PadA)")
  (net 18 "Net-(D19-PadA)")
  (net 19 "Net-(D20-PadA)")
  (net 20 "Net-(D1-PadA)")
  (net 21 C4)
  (net 22 C3)
  (net 23 C2)
  (net 24 C1)
  (net 25 R2)
  (net 26 R1)
  (net 27 R3)
  (net 28 R4)
  (net 29 R5)
  (net 30 "Net-(U1-Pad4)")
  (net 31 "Net-(U1-Pad3)")
  (net 32 "Net-(U2-Pad4)")
  (net 33 "Net-(U2-Pad3)")
  (net 34 "Net-(U3-Pad3)")
  (net 35 "Net-(U3-Pad4)")
  (net 36 "Net-(U4-Pad3)")
  (net 37 "Net-(U4-Pad4)")
  (net 38 "Net-(U5-Pad3)")
  (net 39 "Net-(U5-Pad4)")
  (net 40 "Net-(U6-Pad3)")
  (net 41 "Net-(U6-Pad4)")
  (net 42 "Net-(U7-Pad3)")
  (net 43 "Net-(U7-Pad4)")
  (net 44 "Net-(U8-Pad4)")
  (net 45 "Net-(U8-Pad3)")
  (net 46 "Net-(U9-Pad4)")
  (net 47 "Net-(U9-Pad3)")
  (net 48 "Net-(U10-Pad3)")
  (net 49 "Net-(U10-Pad4)")
  (net 50 "Net-(U11-Pad4)")
  (net 51 "Net-(U11-Pad3)")
  (net 52 "Net-(U12-Pad4)")
  (net 53 "Net-(U12-Pad3)")
  (net 54 "Net-(U13-Pad3)")
  (net 55 "Net-(U13-Pad4)")
  (net 56 "Net-(U14-Pad3)")
  (net 57 "Net-(U14-Pad4)")
  (net 58 "Net-(U15-Pad4)")
  (net 59 "Net-(U15-Pad3)")
  (net 60 "Net-(U16-Pad4)")
  (net 61 "Net-(U16-Pad3)")
  (net 62 "Net-(U17-Pad3)")
  (net 63 "Net-(U17-Pad4)")
  (net 64 "Net-(U18-Pad4)")
  (net 65 "Net-(U18-Pad3)")
  (net 66 "Net-(U19-Pad4)")
  (net 67 "Net-(U19-Pad3)")
  (net 68 "Net-(U20-Pad3)")
  (net 69 "Net-(U20-Pad4)")
  (net 70 "Net-(Ard1-Pad1)")
  (net 71 "Net-(Ard1-Pad2)")
  (net 72 EnGNDC1)
  (net 73 "Net-(Ard1-Pad4)")
  (net 74 "Net-(Ard1-Pad5)")
  (net 75 "Net-(Ard1-Pad6)")
  (net 76 SwEn2)
  (net 77 "Net-(Ard1-Pad24)")
  (net 78 S2-3)
  (net 79 "Net-(Ard1-Pad22)")
  (net 80 S1)
  (net 81 S2)
  (net 82 S2-2)
  (net 83 EnPWMA)
  (net 84 EnPWMB)
  (net 85 "Net-(S1-Pad6)")
  (net 86 "Net-(S1-Pad4)")
  (net 87 "Net-(S1-Pad3)")
  (net 88 "Net-(S2-Pad3)")
  (net 89 "Net-(S2-Pad4)")
  (net 90 "Net-(S2-Pad6)")

  (net_class Default "This is the default net class."
    (clearance 0.2)
    (trace_width 0.25)
    (via_dia 0.8)
    (via_drill 0.4)
    (uvia_dia 0.3)
    (uvia_drill 0.1)
    (add_net C1)
    (add_net C2)
    (add_net C3)
    (add_net C4)
    (add_net EnGNDC1)
    (add_net EnPWMA)
    (add_net EnPWMB)
    (add_net "Net-(Ard1-Pad1)")
    (add_net "Net-(Ard1-Pad2)")
    (add_net "Net-(Ard1-Pad22)")
    (add_net "Net-(Ard1-Pad24)")
    (add_net "Net-(Ard1-Pad4)")
    (add_net "Net-(Ard1-Pad5)")
    (add_net "Net-(Ard1-Pad6)")
    (add_net "Net-(D1-PadA)")
    (add_net "Net-(D10-PadA)")
    (add_net "Net-(D11-PadA)")
    (add_net "Net-(D12-PadA)")
    (add_net "Net-(D13-PadA)")
    (add_net "Net-(D14-PadA)")
    (add_net "Net-(D15-PadA)")
    (add_net "Net-(D16-PadA)")
    (add_net "Net-(D17-PadA)")
    (add_net "Net-(D18-PadA)")
    (add_net "Net-(D19-PadA)")
    (add_net "Net-(D2-PadA)")
    (add_net "Net-(D20-PadA)")
    (add_net "Net-(D3-PadA)")
    (add_net "Net-(D4-PadA)")
    (add_net "Net-(D5-PadA)")
    (add_net "Net-(D6-PadA)")
    (add_net "Net-(D7-PadA)")
    (add_net "Net-(D8-PadA)")
    (add_net "Net-(D9-PadA)")
    (add_net "Net-(S1-Pad3)")
    (add_net "Net-(S1-Pad4)")
    (add_net "Net-(S1-Pad6)")
    (add_net "Net-(S2-Pad3)")
    (add_net "Net-(S2-Pad4)")
    (add_net "Net-(S2-Pad6)")
    (add_net "Net-(U1-Pad3)")
    (add_net "Net-(U1-Pad4)")
    (add_net "Net-(U10-Pad3)")
    (add_net "Net-(U10-Pad4)")
    (add_net "Net-(U11-Pad3)")
    (add_net "Net-(U11-Pad4)")
    (add_net "Net-(U12-Pad3)")
    (add_net "Net-(U12-Pad4)")
    (add_net "Net-(U13-Pad3)")
    (add_net "Net-(U13-Pad4)")
    (add_net "Net-(U14-Pad3)")
    (add_net "Net-(U14-Pad4)")
    (add_net "Net-(U15-Pad3)")
    (add_net "Net-(U15-Pad4)")
    (add_net "Net-(U16-Pad3)")
    (add_net "Net-(U16-Pad4)")
    (add_net "Net-(U17-Pad3)")
    (add_net "Net-(U17-Pad4)")
    (add_net "Net-(U18-Pad3)")
    (add_net "Net-(U18-Pad4)")
    (add_net "Net-(U19-Pad3)")
    (add_net "Net-(U19-Pad4)")
    (add_net "Net-(U2-Pad3)")
    (add_net "Net-(U2-Pad4)")
    (add_net "Net-(U20-Pad3)")
    (add_net "Net-(U20-Pad4)")
    (add_net "Net-(U3-Pad3)")
    (add_net "Net-(U3-Pad4)")
    (add_net "Net-(U4-Pad3)")
    (add_net "Net-(U4-Pad4)")
    (add_net "Net-(U5-Pad3)")
    (add_net "Net-(U5-Pad4)")
    (add_net "Net-(U6-Pad3)")
    (add_net "Net-(U6-Pad4)")
    (add_net "Net-(U7-Pad3)")
    (add_net "Net-(U7-Pad4)")
    (add_net "Net-(U8-Pad3)")
    (add_net "Net-(U8-Pad4)")
    (add_net "Net-(U9-Pad3)")
    (add_net "Net-(U9-Pad4)")
    (add_net R1)
    (add_net R2)
    (add_net R3)
    (add_net R4)
    (add_net R5)
    (add_net S1)
    (add_net S2)
    (add_net S2-2)
    (add_net S2-3)
    (add_net SwEn2)
  )

  (module Capacitor_SMD:C_1206_3216MetricBRYGGA (layer B.Cu) (tedit 5C928FDE) (tstamp 5C933F3A)
    (at 193.74 92.97)
    (descr "Capacitor SMD 1206 (3216 Metric), square (rectangular) end terminal, IPC_7351 nominal, (Body size source: http://www.tortai-tech.com/upload/download/2011102023233369053.pdf), generated with kicad-footprint-generator")
    (tags capacitor)
    (attr smd)
    (fp_text reference REF** (at 0 1.82) (layer B.SilkS)
      (effects (font (size 1 1) (thickness 0.15)) (justify mirror))
    )
    (fp_text value C_1206_3216MetricBRYGGA (at 0 -1.82) (layer B.Fab)
      (effects (font (size 1 1) (thickness 0.15)) (justify mirror))
    )
    (fp_text user %R (at 0 0) (layer B.Fab)
      (effects (font (size 0.8 0.8) (thickness 0.12)) (justify mirror))
    )
    (fp_line (start 2.28 -1.12) (end -2.28 -1.12) (layer B.CrtYd) (width 0.05))
    (fp_line (start 2.28 1.12) (end 2.28 -1.12) (layer B.CrtYd) (width 0.05))
    (fp_line (start -2.28 1.12) (end 2.28 1.12) (layer B.CrtYd) (width 0.05))
    (fp_line (start -2.28 -1.12) (end -2.28 1.12) (layer B.CrtYd) (width 0.05))
    (fp_line (start -0.602064 -0.91) (end 0.602064 -0.91) (layer B.SilkS) (width 0.12))
    (fp_line (start -0.602064 0.91) (end 0.602064 0.91) (layer B.SilkS) (width 0.12))
    (fp_line (start 1.6 -0.8) (end -1.6 -0.8) (layer B.Fab) (width 0.1))
    (fp_line (start 1.6 0.8) (end 1.6 -0.8) (layer B.Fab) (width 0.1))
    (fp_line (start -1.6 0.8) (end 1.6 0.8) (layer B.Fab) (width 0.1))
    (fp_line (start -1.6 -0.8) (end -1.6 0.8) (layer B.Fab) (width 0.1))
    (pad 2 smd roundrect (at 1.4 0) (size 1.25 1) (layers B.Cu B.Paste B.Mask) (roundrect_rratio 0.2))
    (pad 1 smd roundrect (at -1.4 0) (size 1.25 1) (layers B.Cu B.Paste B.Mask) (roundrect_rratio 0.2))
    (model ${KISYS3DMOD}/Capacitor_SMD.3dshapes/C_1206_3216Metric.wrl
      (at (xyz 0 0 0))
      (scale (xyz 1 1 1))
      (rotate (xyz 0 0 0))
    )
  )

  (module Capacitor_SMD:C_1206_3216MetricBRYGGA (layer B.Cu) (tedit 5C928FDE) (tstamp 5C933F2A)
    (at 193.75 83.84)
    (descr "Capacitor SMD 1206 (3216 Metric), square (rectangular) end terminal, IPC_7351 nominal, (Body size source: http://www.tortai-tech.com/upload/download/2011102023233369053.pdf), generated with kicad-footprint-generator")
    (tags capacitor)
    (attr smd)
    (fp_text reference REF** (at 0 1.82) (layer B.SilkS)
      (effects (font (size 1 1) (thickness 0.15)) (justify mirror))
    )
    (fp_text value C_1206_3216MetricBRYGGA (at 0 -1.82) (layer B.Fab)
      (effects (font (size 1 1) (thickness 0.15)) (justify mirror))
    )
    (fp_line (start -1.6 -0.8) (end -1.6 0.8) (layer B.Fab) (width 0.1))
    (fp_line (start -1.6 0.8) (end 1.6 0.8) (layer B.Fab) (width 0.1))
    (fp_line (start 1.6 0.8) (end 1.6 -0.8) (layer B.Fab) (width 0.1))
    (fp_line (start 1.6 -0.8) (end -1.6 -0.8) (layer B.Fab) (width 0.1))
    (fp_line (start -0.602064 0.91) (end 0.602064 0.91) (layer B.SilkS) (width 0.12))
    (fp_line (start -0.602064 -0.91) (end 0.602064 -0.91) (layer B.SilkS) (width 0.12))
    (fp_line (start -2.28 -1.12) (end -2.28 1.12) (layer B.CrtYd) (width 0.05))
    (fp_line (start -2.28 1.12) (end 2.28 1.12) (layer B.CrtYd) (width 0.05))
    (fp_line (start 2.28 1.12) (end 2.28 -1.12) (layer B.CrtYd) (width 0.05))
    (fp_line (start 2.28 -1.12) (end -2.28 -1.12) (layer B.CrtYd) (width 0.05))
    (fp_text user %R (at 0 0) (layer B.Fab)
      (effects (font (size 0.8 0.8) (thickness 0.12)) (justify mirror))
    )
    (pad 1 smd roundrect (at -1.4 0) (size 1.25 1) (layers B.Cu B.Paste B.Mask) (roundrect_rratio 0.2))
    (pad 2 smd roundrect (at 1.4 0) (size 1.25 1) (layers B.Cu B.Paste B.Mask) (roundrect_rratio 0.2))
    (model ${KISYS3DMOD}/Capacitor_SMD.3dshapes/C_1206_3216Metric.wrl
      (at (xyz 0 0 0))
      (scale (xyz 1 1 1))
      (rotate (xyz 0 0 0))
    )
  )

  (module Capacitor_SMD:C_1206_3216MetricBRYGGA (layer B.Cu) (tedit 5C928FDE) (tstamp 5C933F1A)
    (at 193.74 86.15)
    (descr "Capacitor SMD 1206 (3216 Metric), square (rectangular) end terminal, IPC_7351 nominal, (Body size source: http://www.tortai-tech.com/upload/download/2011102023233369053.pdf), generated with kicad-footprint-generator")
    (tags capacitor)
    (attr smd)
    (fp_text reference REF** (at 0 1.82) (layer B.SilkS)
      (effects (font (size 1 1) (thickness 0.15)) (justify mirror))
    )
    (fp_text value C_1206_3216MetricBRYGGA (at 0 -1.82) (layer B.Fab)
      (effects (font (size 1 1) (thickness 0.15)) (justify mirror))
    )
    (fp_text user %R (at 0 0) (layer B.Fab)
      (effects (font (size 0.8 0.8) (thickness 0.12)) (justify mirror))
    )
    (fp_line (start 2.28 -1.12) (end -2.28 -1.12) (layer B.CrtYd) (width 0.05))
    (fp_line (start 2.28 1.12) (end 2.28 -1.12) (layer B.CrtYd) (width 0.05))
    (fp_line (start -2.28 1.12) (end 2.28 1.12) (layer B.CrtYd) (width 0.05))
    (fp_line (start -2.28 -1.12) (end -2.28 1.12) (layer B.CrtYd) (width 0.05))
    (fp_line (start -0.602064 -0.91) (end 0.602064 -0.91) (layer B.SilkS) (width 0.12))
    (fp_line (start -0.602064 0.91) (end 0.602064 0.91) (layer B.SilkS) (width 0.12))
    (fp_line (start 1.6 -0.8) (end -1.6 -0.8) (layer B.Fab) (width 0.1))
    (fp_line (start 1.6 0.8) (end 1.6 -0.8) (layer B.Fab) (width 0.1))
    (fp_line (start -1.6 0.8) (end 1.6 0.8) (layer B.Fab) (width 0.1))
    (fp_line (start -1.6 -0.8) (end -1.6 0.8) (layer B.Fab) (width 0.1))
    (pad 2 smd roundrect (at 1.4 0) (size 1.25 1) (layers B.Cu B.Paste B.Mask) (roundrect_rratio 0.2))
    (pad 1 smd roundrect (at -1.4 0) (size 1.25 1) (layers B.Cu B.Paste B.Mask) (roundrect_rratio 0.2))
    (model ${KISYS3DMOD}/Capacitor_SMD.3dshapes/C_1206_3216Metric.wrl
      (at (xyz 0 0 0))
      (scale (xyz 1 1 1))
      (rotate (xyz 0 0 0))
    )
  )

  (module Capacitor_SMD:C_1206_3216MetricBRYGGA (layer B.Cu) (tedit 5C928FDE) (tstamp 5C933EFA)
    (at 193.74 90.7)
    (descr "Capacitor SMD 1206 (3216 Metric), square (rectangular) end terminal, IPC_7351 nominal, (Body size source: http://www.tortai-tech.com/upload/download/2011102023233369053.pdf), generated with kicad-footprint-generator")
    (tags capacitor)
    (attr smd)
    (fp_text reference REF** (at 0 1.82) (layer B.SilkS)
      (effects (font (size 1 1) (thickness 0.15)) (justify mirror))
    )
    (fp_text value C_1206_3216MetricBRYGGA (at 0 -1.82) (layer B.Fab)
      (effects (font (size 1 1) (thickness 0.15)) (justify mirror))
    )
    (fp_line (start -1.6 -0.8) (end -1.6 0.8) (layer B.Fab) (width 0.1))
    (fp_line (start -1.6 0.8) (end 1.6 0.8) (layer B.Fab) (width 0.1))
    (fp_line (start 1.6 0.8) (end 1.6 -0.8) (layer B.Fab) (width 0.1))
    (fp_line (start 1.6 -0.8) (end -1.6 -0.8) (layer B.Fab) (width 0.1))
    (fp_line (start -0.602064 0.91) (end 0.602064 0.91) (layer B.SilkS) (width 0.12))
    (fp_line (start -0.602064 -0.91) (end 0.602064 -0.91) (layer B.SilkS) (width 0.12))
    (fp_line (start -2.28 -1.12) (end -2.28 1.12) (layer B.CrtYd) (width 0.05))
    (fp_line (start -2.28 1.12) (end 2.28 1.12) (layer B.CrtYd) (width 0.05))
    (fp_line (start 2.28 1.12) (end 2.28 -1.12) (layer B.CrtYd) (width 0.05))
    (fp_line (start 2.28 -1.12) (end -2.28 -1.12) (layer B.CrtYd) (width 0.05))
    (fp_text user %R (at 0 0) (layer B.Fab)
      (effects (font (size 0.8 0.8) (thickness 0.12)) (justify mirror))
    )
    (pad 1 smd roundrect (at -1.4 0) (size 1.25 1) (layers B.Cu B.Paste B.Mask) (roundrect_rratio 0.2))
    (pad 2 smd roundrect (at 1.4 0) (size 1.25 1) (layers B.Cu B.Paste B.Mask) (roundrect_rratio 0.2))
    (model ${KISYS3DMOD}/Capacitor_SMD.3dshapes/C_1206_3216Metric.wrl
      (at (xyz 0 0 0))
      (scale (xyz 1 1 1))
      (rotate (xyz 0 0 0))
    )
  )

  (module Capacitor_SMD:C_1206_3216MetricBRYGGA (layer B.Cu) (tedit 5C928FDE) (tstamp 5C933EEA)
    (at 193.75 81.57)
    (descr "Capacitor SMD 1206 (3216 Metric), square (rectangular) end terminal, IPC_7351 nominal, (Body size source: http://www.tortai-tech.com/upload/download/2011102023233369053.pdf), generated with kicad-footprint-generator")
    (tags capacitor)
    (attr smd)
    (fp_text reference REF** (at 0 1.82) (layer B.SilkS)
      (effects (font (size 1 1) (thickness 0.15)) (justify mirror))
    )
    (fp_text value C_1206_3216MetricBRYGGA (at 0 -1.82) (layer B.Fab)
      (effects (font (size 1 1) (thickness 0.15)) (justify mirror))
    )
    (fp_text user %R (at 0 0) (layer B.Fab)
      (effects (font (size 0.8 0.8) (thickness 0.12)) (justify mirror))
    )
    (fp_line (start 2.28 -1.12) (end -2.28 -1.12) (layer B.CrtYd) (width 0.05))
    (fp_line (start 2.28 1.12) (end 2.28 -1.12) (layer B.CrtYd) (width 0.05))
    (fp_line (start -2.28 1.12) (end 2.28 1.12) (layer B.CrtYd) (width 0.05))
    (fp_line (start -2.28 -1.12) (end -2.28 1.12) (layer B.CrtYd) (width 0.05))
    (fp_line (start -0.602064 -0.91) (end 0.602064 -0.91) (layer B.SilkS) (width 0.12))
    (fp_line (start -0.602064 0.91) (end 0.602064 0.91) (layer B.SilkS) (width 0.12))
    (fp_line (start 1.6 -0.8) (end -1.6 -0.8) (layer B.Fab) (width 0.1))
    (fp_line (start 1.6 0.8) (end 1.6 -0.8) (layer B.Fab) (width 0.1))
    (fp_line (start -1.6 0.8) (end 1.6 0.8) (layer B.Fab) (width 0.1))
    (fp_line (start -1.6 -0.8) (end -1.6 0.8) (layer B.Fab) (width 0.1))
    (pad 2 smd roundrect (at 1.4 0) (size 1.25 1) (layers B.Cu B.Paste B.Mask) (roundrect_rratio 0.2))
    (pad 1 smd roundrect (at -1.4 0) (size 1.25 1) (layers B.Cu B.Paste B.Mask) (roundrect_rratio 0.2))
    (model ${KISYS3DMOD}/Capacitor_SMD.3dshapes/C_1206_3216Metric.wrl
      (at (xyz 0 0 0))
      (scale (xyz 1 1 1))
      (rotate (xyz 0 0 0))
    )
  )

  (module Capacitor_SMD:C_1206_3216MetricBRYGGA (layer B.Cu) (tedit 5C928FDE) (tstamp 5C933EDA)
    (at 193.74 88.42)
    (descr "Capacitor SMD 1206 (3216 Metric), square (rectangular) end terminal, IPC_7351 nominal, (Body size source: http://www.tortai-tech.com/upload/download/2011102023233369053.pdf), generated with kicad-footprint-generator")
    (tags capacitor)
    (attr smd)
    (fp_text reference REF** (at 0 1.82) (layer B.SilkS)
      (effects (font (size 1 1) (thickness 0.15)) (justify mirror))
    )
    (fp_text value C_1206_3216MetricBRYGGA (at 0 -1.82) (layer B.Fab)
      (effects (font (size 1 1) (thickness 0.15)) (justify mirror))
    )
    (fp_line (start -1.6 -0.8) (end -1.6 0.8) (layer B.Fab) (width 0.1))
    (fp_line (start -1.6 0.8) (end 1.6 0.8) (layer B.Fab) (width 0.1))
    (fp_line (start 1.6 0.8) (end 1.6 -0.8) (layer B.Fab) (width 0.1))
    (fp_line (start 1.6 -0.8) (end -1.6 -0.8) (layer B.Fab) (width 0.1))
    (fp_line (start -0.602064 0.91) (end 0.602064 0.91) (layer B.SilkS) (width 0.12))
    (fp_line (start -0.602064 -0.91) (end 0.602064 -0.91) (layer B.SilkS) (width 0.12))
    (fp_line (start -2.28 -1.12) (end -2.28 1.12) (layer B.CrtYd) (width 0.05))
    (fp_line (start -2.28 1.12) (end 2.28 1.12) (layer B.CrtYd) (width 0.05))
    (fp_line (start 2.28 1.12) (end 2.28 -1.12) (layer B.CrtYd) (width 0.05))
    (fp_line (start 2.28 -1.12) (end -2.28 -1.12) (layer B.CrtYd) (width 0.05))
    (fp_text user %R (at 0 0) (layer B.Fab)
      (effects (font (size 0.8 0.8) (thickness 0.12)) (justify mirror))
    )
    (pad 1 smd roundrect (at -1.4 0) (size 1.25 1) (layers B.Cu B.Paste B.Mask) (roundrect_rratio 0.2))
    (pad 2 smd roundrect (at 1.4 0) (size 1.25 1) (layers B.Cu B.Paste B.Mask) (roundrect_rratio 0.2))
    (model ${KISYS3DMOD}/Capacitor_SMD.3dshapes/C_1206_3216Metric.wrl
      (at (xyz 0 0 0))
      (scale (xyz 1 1 1))
      (rotate (xyz 0 0 0))
    )
  )

  (module Capacitor_SMD:C_1206_3216MetricBRYGGA (layer B.Cu) (tedit 5C928FDE) (tstamp 5C933ECA)
    (at 193.75 79.29)
    (descr "Capacitor SMD 1206 (3216 Metric), square (rectangular) end terminal, IPC_7351 nominal, (Body size source: http://www.tortai-tech.com/upload/download/2011102023233369053.pdf), generated with kicad-footprint-generator")
    (tags capacitor)
    (attr smd)
    (fp_text reference REF** (at 0 1.82) (layer B.SilkS)
      (effects (font (size 1 1) (thickness 0.15)) (justify mirror))
    )
    (fp_text value C_1206_3216MetricBRYGGA (at 0 -1.82) (layer B.Fab)
      (effects (font (size 1 1) (thickness 0.15)) (justify mirror))
    )
    (fp_text user %R (at 0 0) (layer B.Fab)
      (effects (font (size 0.8 0.8) (thickness 0.12)) (justify mirror))
    )
    (fp_line (start 2.28 -1.12) (end -2.28 -1.12) (layer B.CrtYd) (width 0.05))
    (fp_line (start 2.28 1.12) (end 2.28 -1.12) (layer B.CrtYd) (width 0.05))
    (fp_line (start -2.28 1.12) (end 2.28 1.12) (layer B.CrtYd) (width 0.05))
    (fp_line (start -2.28 -1.12) (end -2.28 1.12) (layer B.CrtYd) (width 0.05))
    (fp_line (start -0.602064 -0.91) (end 0.602064 -0.91) (layer B.SilkS) (width 0.12))
    (fp_line (start -0.602064 0.91) (end 0.602064 0.91) (layer B.SilkS) (width 0.12))
    (fp_line (start 1.6 -0.8) (end -1.6 -0.8) (layer B.Fab) (width 0.1))
    (fp_line (start 1.6 0.8) (end 1.6 -0.8) (layer B.Fab) (width 0.1))
    (fp_line (start -1.6 0.8) (end 1.6 0.8) (layer B.Fab) (width 0.1))
    (fp_line (start -1.6 -0.8) (end -1.6 0.8) (layer B.Fab) (width 0.1))
    (pad 2 smd roundrect (at 1.4 0) (size 1.25 1) (layers B.Cu B.Paste B.Mask) (roundrect_rratio 0.2))
    (pad 1 smd roundrect (at -1.4 0) (size 1.25 1) (layers B.Cu B.Paste B.Mask) (roundrect_rratio 0.2))
    (model ${KISYS3DMOD}/Capacitor_SMD.3dshapes/C_1206_3216Metric.wrl
      (at (xyz 0 0 0))
      (scale (xyz 1 1 1))
      (rotate (xyz 0 0 0))
    )
  )

  (module keebs:Pro_Micro (layer B.Cu) (tedit 57FFD4EF) (tstamp 5C92CD77)
    (at 260.096 45.3136 180)
    (path /5C929A2C)
    (fp_text reference Ard1 (at 0 -1.625 180) (layer B.SilkS)
      (effects (font (size 1.27 1.524) (thickness 0.2032)) (justify mirror))
    )
    (fp_text value ProMicro (at 0 0 180) (layer B.SilkS) hide
      (effects (font (size 1.27 1.524) (thickness 0.2032)) (justify mirror))
    )
    (fp_line (start -15.24 8.89) (end -15.24 -8.89) (layer B.SilkS) (width 0.381))
    (fp_line (start -15.24 -8.89) (end 15.24 -8.89) (layer B.SilkS) (width 0.381))
    (fp_line (start 15.24 -8.89) (end 15.24 8.89) (layer B.SilkS) (width 0.381))
    (fp_line (start 15.24 8.89) (end -15.24 8.89) (layer B.SilkS) (width 0.381))
    (fp_line (start -15.24 -6.35) (end -12.7 -6.35) (layer B.SilkS) (width 0.381))
    (fp_line (start -12.7 -6.35) (end -12.7 -8.89) (layer B.SilkS) (width 0.381))
    (pad 1 thru_hole rect (at -13.97 -7.62 180) (size 1.7526 1.7526) (drill 1.0922) (layers *.Cu *.SilkS *.Mask)
      (net 70 "Net-(Ard1-Pad1)"))
    (pad 2 thru_hole circle (at -11.43 -7.62 180) (size 1.7526 1.7526) (drill 1.0922) (layers *.Cu *.SilkS *.Mask)
      (net 71 "Net-(Ard1-Pad2)"))
    (pad 3 thru_hole circle (at -8.89 -7.62 180) (size 1.7526 1.7526) (drill 1.0922) (layers *.Cu *.SilkS *.Mask)
      (net 72 EnGNDC1))
    (pad 4 thru_hole circle (at -6.35 -7.62 180) (size 1.7526 1.7526) (drill 1.0922) (layers *.Cu *.SilkS *.Mask)
      (net 73 "Net-(Ard1-Pad4)"))
    (pad 5 thru_hole circle (at -3.81 -7.62 180) (size 1.7526 1.7526) (drill 1.0922) (layers *.Cu *.SilkS *.Mask)
      (net 74 "Net-(Ard1-Pad5)"))
    (pad 6 thru_hole circle (at -1.27 -7.62 180) (size 1.7526 1.7526) (drill 1.0922) (layers *.Cu *.SilkS *.Mask)
      (net 75 "Net-(Ard1-Pad6)"))
    (pad 7 thru_hole circle (at 1.27 -7.62 180) (size 1.7526 1.7526) (drill 1.0922) (layers *.Cu *.SilkS *.Mask)
      (net 26 R1))
    (pad 8 thru_hole circle (at 3.81 -7.62 180) (size 1.7526 1.7526) (drill 1.0922) (layers *.Cu *.SilkS *.Mask)
      (net 25 R2))
    (pad 9 thru_hole circle (at 6.35 -7.62 180) (size 1.7526 1.7526) (drill 1.0922) (layers *.Cu *.SilkS *.Mask)
      (net 27 R3))
    (pad 10 thru_hole circle (at 8.89 -7.62 180) (size 1.7526 1.7526) (drill 1.0922) (layers *.Cu *.SilkS *.Mask)
      (net 28 R4))
    (pad 11 thru_hole circle (at 11.43 -7.62 180) (size 1.7526 1.7526) (drill 1.0922) (layers *.Cu *.SilkS *.Mask)
      (net 29 R5))
    (pad 12 thru_hole circle (at 13.97 -7.62 180) (size 1.7526 1.7526) (drill 1.0922) (layers *.Cu *.SilkS *.Mask)
      (net 76 SwEn2))
    (pad 24 thru_hole circle (at 13.97 7.62 180) (size 1.7526 1.7526) (drill 1.0922) (layers *.Cu *.SilkS *.Mask)
      (net 77 "Net-(Ard1-Pad24)"))
    (pad 23 thru_hole circle (at 11.43 7.62 180) (size 1.7526 1.7526) (drill 1.0922) (layers *.Cu *.SilkS *.Mask)
      (net 78 S2-3))
    (pad 22 thru_hole circle (at 8.89 7.62 180) (size 1.7526 1.7526) (drill 1.0922) (layers *.Cu *.SilkS *.Mask)
      (net 79 "Net-(Ard1-Pad22)"))
    (pad 21 thru_hole circle (at 6.35 7.62 180) (size 1.7526 1.7526) (drill 1.0922) (layers *.Cu *.SilkS *.Mask)
      (net 80 S1))
    (pad 20 thru_hole circle (at 3.81 7.62 180) (size 1.7526 1.7526) (drill 1.0922) (layers *.Cu *.SilkS *.Mask)
      (net 81 S2))
    (pad 19 thru_hole circle (at 1.27 7.62 180) (size 1.7526 1.7526) (drill 1.0922) (layers *.Cu *.SilkS *.Mask)
      (net 82 S2-2))
    (pad 18 thru_hole circle (at -1.27 7.62 180) (size 1.7526 1.7526) (drill 1.0922) (layers *.Cu *.SilkS *.Mask)
      (net 24 C1))
    (pad 17 thru_hole circle (at -3.81 7.62 180) (size 1.7526 1.7526) (drill 1.0922) (layers *.Cu *.SilkS *.Mask)
      (net 23 C2))
    (pad 16 thru_hole circle (at -6.35 7.62 180) (size 1.7526 1.7526) (drill 1.0922) (layers *.Cu *.SilkS *.Mask)
      (net 22 C3))
    (pad 15 thru_hole circle (at -8.89 7.62 180) (size 1.7526 1.7526) (drill 1.0922) (layers *.Cu *.SilkS *.Mask)
      (net 21 C4))
    (pad 14 thru_hole circle (at -11.43 7.62 180) (size 1.7526 1.7526) (drill 1.0922) (layers *.Cu *.SilkS *.Mask)
      (net 83 EnPWMA))
    (pad 13 thru_hole circle (at -13.97 7.62 180) (size 1.7526 1.7526) (drill 1.0922) (layers *.Cu *.SilkS *.Mask)
      (net 84 EnPWMB))
  )

  (module 1N4148:DIOAD829W49L456D191 (layer F.Cu) (tedit 0) (tstamp 5C92CD9D)
    (at 215.392 51.4096 90)
    (path /5C9211BA)
    (fp_text reference D1 (at -0.02292 -2.84321 90) (layer F.SilkS)
      (effects (font (size 1.0001 1.0001) (thickness 0.05)))
    )
    (fp_text value 1N4148 (at 0.66493 2.34577 90) (layer F.SilkS)
      (effects (font (size 1.00192 1.00192) (thickness 0.05)))
    )
    (fp_line (start -2.28 -0.96) (end 2.28 -0.96) (layer Eco2.User) (width 0.127))
    (fp_line (start -2.28 0.96) (end 2.28 0.96) (layer Eco2.User) (width 0.127))
    (fp_line (start -2.28 -0.96) (end -2.28 0) (layer Eco2.User) (width 0.127))
    (fp_line (start -2.28 0) (end -2.28 0.96) (layer Eco2.User) (width 0.127))
    (fp_line (start 2.28 -0.96) (end 2.28 0) (layer Eco2.User) (width 0.127))
    (fp_line (start 2.28 0) (end 2.28 0.96) (layer Eco2.User) (width 0.127))
    (fp_line (start -3.581 0) (end -2.28 0) (layer Eco2.User) (width 0.127))
    (fp_line (start 2.28 0) (end 3.581 0) (layer Eco2.User) (width 0.127))
    (fp_line (start -2.53 -1.21) (end 2.53 -1.21) (layer Eco1.User) (width 0.05))
    (fp_line (start -2.53 -1.21) (end -2.53 -0.815) (layer Eco1.User) (width 0.05))
    (fp_line (start 2.53 -1.21) (end 2.53 -0.815) (layer Eco1.User) (width 0.05))
    (fp_line (start 2.53 1.21) (end -2.53 1.21) (layer Eco1.User) (width 0.05))
    (fp_line (start 2.53 1.21) (end 2.53 0.815) (layer Eco1.User) (width 0.05))
    (fp_line (start -2.53 1.21) (end -2.53 0.815) (layer Eco1.User) (width 0.05))
    (fp_line (start -2.53 0.815) (end -4.97 0.815) (layer Eco1.User) (width 0.05))
    (fp_line (start -2.53 -0.815) (end -4.97 -0.815) (layer Eco1.User) (width 0.05))
    (fp_line (start -4.97 -0.815) (end -4.97 0.815) (layer Eco1.User) (width 0.05))
    (fp_line (start 4.97 -0.815) (end 2.53 -0.815) (layer Eco1.User) (width 0.05))
    (fp_line (start 4.97 0.815) (end 2.53 0.815) (layer Eco1.User) (width 0.05))
    (fp_line (start 4.97 -0.815) (end 4.97 0.815) (layer Eco1.User) (width 0.05))
    (fp_line (start -2.28 -0.96) (end -1.52 -0.96) (layer F.SilkS) (width 0.127))
    (fp_line (start -2.28 0.96) (end -1.52 0.96) (layer F.SilkS) (width 0.127))
    (fp_line (start 1.52 0.96) (end 2.28 0.96) (layer F.SilkS) (width 0.127))
    (fp_line (start 1.52 -0.96) (end 2.28 -0.96) (layer F.SilkS) (width 0.127))
    (fp_line (start 2.28 -0.95) (end 2.28 0) (layer F.SilkS) (width 0.127))
    (fp_line (start 2.28 0) (end 2.28 0.96) (layer F.SilkS) (width 0.127))
    (fp_line (start -2.28 -0.96) (end -2.28 0) (layer F.SilkS) (width 0.127))
    (fp_line (start -2.28 0) (end -2.28 0.95) (layer F.SilkS) (width 0.127))
    (fp_line (start -2.28 0) (end -3.2 0) (layer F.SilkS) (width 0.127))
    (fp_line (start 3.2 0) (end 2.28 0) (layer F.SilkS) (width 0.127))
    (fp_circle (center -5.3 0) (end -5.2 0) (layer F.SilkS) (width 0.2))
    (fp_circle (center -5.3 0) (end -5.2 0) (layer Eco2.User) (width 0.2))
    (pad C thru_hole rect (at -4.146 0 90) (size 1.238 1.238) (drill 0.73) (layers *.Cu *.Mask)
      (net 26 R1))
    (pad A thru_hole circle (at 4.146 0 90) (size 1.238 1.238) (drill 0.73) (layers *.Cu *.Mask)
      (net 20 "Net-(D1-PadA)"))
  )

  (module 1N4148:DIOAD829W49L456D191 (layer F.Cu) (tedit 0) (tstamp 5C92CDC3)
    (at 236.4486 51.435 90)
    (path /5C928908)
    (fp_text reference D2 (at -0.02292 -2.84321 90) (layer F.SilkS)
      (effects (font (size 1.0001 1.0001) (thickness 0.05)))
    )
    (fp_text value 1N4148 (at 0.66493 2.34577 90) (layer F.SilkS)
      (effects (font (size 1.00192 1.00192) (thickness 0.05)))
    )
    (fp_circle (center -5.3 0) (end -5.2 0) (layer Eco2.User) (width 0.2))
    (fp_circle (center -5.3 0) (end -5.2 0) (layer F.SilkS) (width 0.2))
    (fp_line (start 3.2 0) (end 2.28 0) (layer F.SilkS) (width 0.127))
    (fp_line (start -2.28 0) (end -3.2 0) (layer F.SilkS) (width 0.127))
    (fp_line (start -2.28 0) (end -2.28 0.95) (layer F.SilkS) (width 0.127))
    (fp_line (start -2.28 -0.96) (end -2.28 0) (layer F.SilkS) (width 0.127))
    (fp_line (start 2.28 0) (end 2.28 0.96) (layer F.SilkS) (width 0.127))
    (fp_line (start 2.28 -0.95) (end 2.28 0) (layer F.SilkS) (width 0.127))
    (fp_line (start 1.52 -0.96) (end 2.28 -0.96) (layer F.SilkS) (width 0.127))
    (fp_line (start 1.52 0.96) (end 2.28 0.96) (layer F.SilkS) (width 0.127))
    (fp_line (start -2.28 0.96) (end -1.52 0.96) (layer F.SilkS) (width 0.127))
    (fp_line (start -2.28 -0.96) (end -1.52 -0.96) (layer F.SilkS) (width 0.127))
    (fp_line (start 4.97 -0.815) (end 4.97 0.815) (layer Eco1.User) (width 0.05))
    (fp_line (start 4.97 0.815) (end 2.53 0.815) (layer Eco1.User) (width 0.05))
    (fp_line (start 4.97 -0.815) (end 2.53 -0.815) (layer Eco1.User) (width 0.05))
    (fp_line (start -4.97 -0.815) (end -4.97 0.815) (layer Eco1.User) (width 0.05))
    (fp_line (start -2.53 -0.815) (end -4.97 -0.815) (layer Eco1.User) (width 0.05))
    (fp_line (start -2.53 0.815) (end -4.97 0.815) (layer Eco1.User) (width 0.05))
    (fp_line (start -2.53 1.21) (end -2.53 0.815) (layer Eco1.User) (width 0.05))
    (fp_line (start 2.53 1.21) (end 2.53 0.815) (layer Eco1.User) (width 0.05))
    (fp_line (start 2.53 1.21) (end -2.53 1.21) (layer Eco1.User) (width 0.05))
    (fp_line (start 2.53 -1.21) (end 2.53 -0.815) (layer Eco1.User) (width 0.05))
    (fp_line (start -2.53 -1.21) (end -2.53 -0.815) (layer Eco1.User) (width 0.05))
    (fp_line (start -2.53 -1.21) (end 2.53 -1.21) (layer Eco1.User) (width 0.05))
    (fp_line (start 2.28 0) (end 3.581 0) (layer Eco2.User) (width 0.127))
    (fp_line (start -3.581 0) (end -2.28 0) (layer Eco2.User) (width 0.127))
    (fp_line (start 2.28 0) (end 2.28 0.96) (layer Eco2.User) (width 0.127))
    (fp_line (start 2.28 -0.96) (end 2.28 0) (layer Eco2.User) (width 0.127))
    (fp_line (start -2.28 0) (end -2.28 0.96) (layer Eco2.User) (width 0.127))
    (fp_line (start -2.28 -0.96) (end -2.28 0) (layer Eco2.User) (width 0.127))
    (fp_line (start -2.28 0.96) (end 2.28 0.96) (layer Eco2.User) (width 0.127))
    (fp_line (start -2.28 -0.96) (end 2.28 -0.96) (layer Eco2.User) (width 0.127))
    (pad A thru_hole circle (at 4.146 0 90) (size 1.238 1.238) (drill 0.73) (layers *.Cu *.Mask)
      (net 1 "Net-(D2-PadA)"))
    (pad C thru_hole rect (at -4.146 0 90) (size 1.238 1.238) (drill 0.73) (layers *.Cu *.Mask)
      (net 26 R1))
  )

  (module 1N4148:DIOAD829W49L456D191 (layer F.Cu) (tedit 0) (tstamp 5C92CDE9)
    (at 257.4036 51.3334 90)
    (path /5C928D9E)
    (fp_text reference D3 (at -0.02292 -2.84321 90) (layer F.SilkS)
      (effects (font (size 1.0001 1.0001) (thickness 0.05)))
    )
    (fp_text value 1N4148 (at 0.66493 2.34577 90) (layer F.SilkS)
      (effects (font (size 1.00192 1.00192) (thickness 0.05)))
    )
    (fp_line (start -2.28 -0.96) (end 2.28 -0.96) (layer Eco2.User) (width 0.127))
    (fp_line (start -2.28 0.96) (end 2.28 0.96) (layer Eco2.User) (width 0.127))
    (fp_line (start -2.28 -0.96) (end -2.28 0) (layer Eco2.User) (width 0.127))
    (fp_line (start -2.28 0) (end -2.28 0.96) (layer Eco2.User) (width 0.127))
    (fp_line (start 2.28 -0.96) (end 2.28 0) (layer Eco2.User) (width 0.127))
    (fp_line (start 2.28 0) (end 2.28 0.96) (layer Eco2.User) (width 0.127))
    (fp_line (start -3.581 0) (end -2.28 0) (layer Eco2.User) (width 0.127))
    (fp_line (start 2.28 0) (end 3.581 0) (layer Eco2.User) (width 0.127))
    (fp_line (start -2.53 -1.21) (end 2.53 -1.21) (layer Eco1.User) (width 0.05))
    (fp_line (start -2.53 -1.21) (end -2.53 -0.815) (layer Eco1.User) (width 0.05))
    (fp_line (start 2.53 -1.21) (end 2.53 -0.815) (layer Eco1.User) (width 0.05))
    (fp_line (start 2.53 1.21) (end -2.53 1.21) (layer Eco1.User) (width 0.05))
    (fp_line (start 2.53 1.21) (end 2.53 0.815) (layer Eco1.User) (width 0.05))
    (fp_line (start -2.53 1.21) (end -2.53 0.815) (layer Eco1.User) (width 0.05))
    (fp_line (start -2.53 0.815) (end -4.97 0.815) (layer Eco1.User) (width 0.05))
    (fp_line (start -2.53 -0.815) (end -4.97 -0.815) (layer Eco1.User) (width 0.05))
    (fp_line (start -4.97 -0.815) (end -4.97 0.815) (layer Eco1.User) (width 0.05))
    (fp_line (start 4.97 -0.815) (end 2.53 -0.815) (layer Eco1.User) (width 0.05))
    (fp_line (start 4.97 0.815) (end 2.53 0.815) (layer Eco1.User) (width 0.05))
    (fp_line (start 4.97 -0.815) (end 4.97 0.815) (layer Eco1.User) (width 0.05))
    (fp_line (start -2.28 -0.96) (end -1.52 -0.96) (layer F.SilkS) (width 0.127))
    (fp_line (start -2.28 0.96) (end -1.52 0.96) (layer F.SilkS) (width 0.127))
    (fp_line (start 1.52 0.96) (end 2.28 0.96) (layer F.SilkS) (width 0.127))
    (fp_line (start 1.52 -0.96) (end 2.28 -0.96) (layer F.SilkS) (width 0.127))
    (fp_line (start 2.28 -0.95) (end 2.28 0) (layer F.SilkS) (width 0.127))
    (fp_line (start 2.28 0) (end 2.28 0.96) (layer F.SilkS) (width 0.127))
    (fp_line (start -2.28 -0.96) (end -2.28 0) (layer F.SilkS) (width 0.127))
    (fp_line (start -2.28 0) (end -2.28 0.95) (layer F.SilkS) (width 0.127))
    (fp_line (start -2.28 0) (end -3.2 0) (layer F.SilkS) (width 0.127))
    (fp_line (start 3.2 0) (end 2.28 0) (layer F.SilkS) (width 0.127))
    (fp_circle (center -5.3 0) (end -5.2 0) (layer F.SilkS) (width 0.2))
    (fp_circle (center -5.3 0) (end -5.2 0) (layer Eco2.User) (width 0.2))
    (pad C thru_hole rect (at -4.146 0 90) (size 1.238 1.238) (drill 0.73) (layers *.Cu *.Mask)
      (net 26 R1))
    (pad A thru_hole circle (at 4.146 0 90) (size 1.238 1.238) (drill 0.73) (layers *.Cu *.Mask)
      (net 2 "Net-(D3-PadA)"))
  )

  (module 1N4148:DIOAD829W49L456D191 (layer F.Cu) (tedit 0) (tstamp 5C92CE0F)
    (at 278.25 51.31 90)
    (path /5C92917C)
    (fp_text reference D4 (at -0.02292 -2.84321 90) (layer F.SilkS)
      (effects (font (size 1.0001 1.0001) (thickness 0.05)))
    )
    (fp_text value 1N4148 (at 0.66493 2.34577 90) (layer F.SilkS)
      (effects (font (size 1.00192 1.00192) (thickness 0.05)))
    )
    (fp_circle (center -5.3 0) (end -5.2 0) (layer Eco2.User) (width 0.2))
    (fp_circle (center -5.3 0) (end -5.2 0) (layer F.SilkS) (width 0.2))
    (fp_line (start 3.2 0) (end 2.28 0) (layer F.SilkS) (width 0.127))
    (fp_line (start -2.28 0) (end -3.2 0) (layer F.SilkS) (width 0.127))
    (fp_line (start -2.28 0) (end -2.28 0.95) (layer F.SilkS) (width 0.127))
    (fp_line (start -2.28 -0.96) (end -2.28 0) (layer F.SilkS) (width 0.127))
    (fp_line (start 2.28 0) (end 2.28 0.96) (layer F.SilkS) (width 0.127))
    (fp_line (start 2.28 -0.95) (end 2.28 0) (layer F.SilkS) (width 0.127))
    (fp_line (start 1.52 -0.96) (end 2.28 -0.96) (layer F.SilkS) (width 0.127))
    (fp_line (start 1.52 0.96) (end 2.28 0.96) (layer F.SilkS) (width 0.127))
    (fp_line (start -2.28 0.96) (end -1.52 0.96) (layer F.SilkS) (width 0.127))
    (fp_line (start -2.28 -0.96) (end -1.52 -0.96) (layer F.SilkS) (width 0.127))
    (fp_line (start 4.97 -0.815) (end 4.97 0.815) (layer Eco1.User) (width 0.05))
    (fp_line (start 4.97 0.815) (end 2.53 0.815) (layer Eco1.User) (width 0.05))
    (fp_line (start 4.97 -0.815) (end 2.53 -0.815) (layer Eco1.User) (width 0.05))
    (fp_line (start -4.97 -0.815) (end -4.97 0.815) (layer Eco1.User) (width 0.05))
    (fp_line (start -2.53 -0.815) (end -4.97 -0.815) (layer Eco1.User) (width 0.05))
    (fp_line (start -2.53 0.815) (end -4.97 0.815) (layer Eco1.User) (width 0.05))
    (fp_line (start -2.53 1.21) (end -2.53 0.815) (layer Eco1.User) (width 0.05))
    (fp_line (start 2.53 1.21) (end 2.53 0.815) (layer Eco1.User) (width 0.05))
    (fp_line (start 2.53 1.21) (end -2.53 1.21) (layer Eco1.User) (width 0.05))
    (fp_line (start 2.53 -1.21) (end 2.53 -0.815) (layer Eco1.User) (width 0.05))
    (fp_line (start -2.53 -1.21) (end -2.53 -0.815) (layer Eco1.User) (width 0.05))
    (fp_line (start -2.53 -1.21) (end 2.53 -1.21) (layer Eco1.User) (width 0.05))
    (fp_line (start 2.28 0) (end 3.581 0) (layer Eco2.User) (width 0.127))
    (fp_line (start -3.581 0) (end -2.28 0) (layer Eco2.User) (width 0.127))
    (fp_line (start 2.28 0) (end 2.28 0.96) (layer Eco2.User) (width 0.127))
    (fp_line (start 2.28 -0.96) (end 2.28 0) (layer Eco2.User) (width 0.127))
    (fp_line (start -2.28 0) (end -2.28 0.96) (layer Eco2.User) (width 0.127))
    (fp_line (start -2.28 -0.96) (end -2.28 0) (layer Eco2.User) (width 0.127))
    (fp_line (start -2.28 0.96) (end 2.28 0.96) (layer Eco2.User) (width 0.127))
    (fp_line (start -2.28 -0.96) (end 2.28 -0.96) (layer Eco2.User) (width 0.127))
    (pad A thru_hole circle (at 4.146 0 90) (size 1.238 1.238) (drill 0.73) (layers *.Cu *.Mask)
      (net 3 "Net-(D4-PadA)"))
    (pad C thru_hole rect (at -4.146 0 90) (size 1.238 1.238) (drill 0.73) (layers *.Cu *.Mask)
      (net 26 R1))
  )

  (module 1N4148:DIOAD829W49L456D191 (layer F.Cu) (tedit 0) (tstamp 5C92CE35)
    (at 215.4428 71.6026 90)
    (path /5CABEE9D)
    (fp_text reference D5 (at -0.02292 -2.84321 90) (layer F.SilkS)
      (effects (font (size 1.0001 1.0001) (thickness 0.05)))
    )
    (fp_text value 1N4148 (at 0.66493 2.34577 90) (layer F.SilkS)
      (effects (font (size 1.00192 1.00192) (thickness 0.05)))
    )
    (fp_line (start -2.28 -0.96) (end 2.28 -0.96) (layer Eco2.User) (width 0.127))
    (fp_line (start -2.28 0.96) (end 2.28 0.96) (layer Eco2.User) (width 0.127))
    (fp_line (start -2.28 -0.96) (end -2.28 0) (layer Eco2.User) (width 0.127))
    (fp_line (start -2.28 0) (end -2.28 0.96) (layer Eco2.User) (width 0.127))
    (fp_line (start 2.28 -0.96) (end 2.28 0) (layer Eco2.User) (width 0.127))
    (fp_line (start 2.28 0) (end 2.28 0.96) (layer Eco2.User) (width 0.127))
    (fp_line (start -3.581 0) (end -2.28 0) (layer Eco2.User) (width 0.127))
    (fp_line (start 2.28 0) (end 3.581 0) (layer Eco2.User) (width 0.127))
    (fp_line (start -2.53 -1.21) (end 2.53 -1.21) (layer Eco1.User) (width 0.05))
    (fp_line (start -2.53 -1.21) (end -2.53 -0.815) (layer Eco1.User) (width 0.05))
    (fp_line (start 2.53 -1.21) (end 2.53 -0.815) (layer Eco1.User) (width 0.05))
    (fp_line (start 2.53 1.21) (end -2.53 1.21) (layer Eco1.User) (width 0.05))
    (fp_line (start 2.53 1.21) (end 2.53 0.815) (layer Eco1.User) (width 0.05))
    (fp_line (start -2.53 1.21) (end -2.53 0.815) (layer Eco1.User) (width 0.05))
    (fp_line (start -2.53 0.815) (end -4.97 0.815) (layer Eco1.User) (width 0.05))
    (fp_line (start -2.53 -0.815) (end -4.97 -0.815) (layer Eco1.User) (width 0.05))
    (fp_line (start -4.97 -0.815) (end -4.97 0.815) (layer Eco1.User) (width 0.05))
    (fp_line (start 4.97 -0.815) (end 2.53 -0.815) (layer Eco1.User) (width 0.05))
    (fp_line (start 4.97 0.815) (end 2.53 0.815) (layer Eco1.User) (width 0.05))
    (fp_line (start 4.97 -0.815) (end 4.97 0.815) (layer Eco1.User) (width 0.05))
    (fp_line (start -2.28 -0.96) (end -1.52 -0.96) (layer F.SilkS) (width 0.127))
    (fp_line (start -2.28 0.96) (end -1.52 0.96) (layer F.SilkS) (width 0.127))
    (fp_line (start 1.52 0.96) (end 2.28 0.96) (layer F.SilkS) (width 0.127))
    (fp_line (start 1.52 -0.96) (end 2.28 -0.96) (layer F.SilkS) (width 0.127))
    (fp_line (start 2.28 -0.95) (end 2.28 0) (layer F.SilkS) (width 0.127))
    (fp_line (start 2.28 0) (end 2.28 0.96) (layer F.SilkS) (width 0.127))
